/*--------------------------------*- C++ -*----------------------------------*\
| =========                 |                                                 |
| \\      /  F ield         | OpenFOAM: The Open Source CFD Toolbox           |
|  \\    /   O peration     | Version:  5.x                                   |
|   \\  /    A nd           | Web:      www.OpenFOAM.org                      |
|    \\/     M anipulation  |                                                 |
\*---------------------------------------------------------------------------*/
FoamFile
{
    version     2.0;
    format      ascii;
    class       volScalarField;
    location    "0";
    object      lambda;
}
// * * * * * * * * * * * * * * * * * * * * * * * * * * * * * * * * * * * * * //

dimensions      [-1 1 3 2 0 0 0];

internalField   nonuniform List<scalar> 
400
(
-6.15583e-08
-1.83159e-07
-3.0025e-07
-4.09948e-07
-5.09551e-07
-5.96608e-07
-6.68974e-07
-7.24868e-07
-7.62913e-07
-7.82172e-07
-7.82172e-07
-7.62913e-07
-7.24868e-07
-6.68974e-07
-5.96608e-07
-5.09551e-07
-4.09948e-07
-3.0025e-07
-1.83159e-07
-6.15583e-08
-1.83159e-07
-5.44967e-07
-8.93357e-07
-1.21975e-06
-1.51611e-06
-1.77513e-06
-1.99045e-06
-2.15675e-06
-2.26995e-06
-2.32726e-06
-2.32726e-06
-2.26995e-06
-2.15675e-06
-1.99045e-06
-1.77513e-06
-1.51611e-06
-1.21975e-06
-8.93357e-07
-5.44967e-07
-1.83159e-07
-3.0025e-07
-8.93357e-07
-1.46447e-06
-1.99952e-06
-2.48533e-06
-2.90995e-06
-3.26291e-06
-3.53553e-06
-3.7211e-06
-3.81504e-06
-3.81504e-06
-3.7211e-06
-3.53553e-06
-3.26291e-06
-2.90995e-06
-2.48533e-06
-1.99952e-06
-1.46447e-06
-8.93357e-07
-3.0025e-07
-4.09948e-07
-1.21975e-06
-1.99952e-06
-2.73005e-06
-3.39336e-06
-3.97311e-06
-4.45503e-06
-4.82726e-06
-5.08062e-06
-5.20888e-06
-5.20888e-06
-5.08062e-06
-4.82726e-06
-4.45503e-06
-3.97311e-06
-3.39336e-06
-2.73005e-06
-1.99952e-06
-1.21975e-06
-4.09948e-07
-5.09551e-07
-1.51611e-06
-2.48533e-06
-3.39336e-06
-4.21783e-06
-4.93844e-06
-5.53745e-06
-6.00012e-06
-6.31504e-06
-6.47446e-06
-6.47446e-06
-6.31504e-06
-6.00012e-06
-5.53745e-06
-4.93844e-06
-4.21783e-06
-3.39336e-06
-2.48533e-06
-1.51611e-06
-5.09551e-07
-5.96608e-07
-1.77513e-06
-2.90995e-06
-3.97311e-06
-4.93844e-06
-5.78217e-06
-6.48353e-06
-7.02524e-06
-7.39396e-06
-7.58062e-06
-7.58062e-06
-7.39396e-06
-7.02524e-06
-6.48353e-06
-5.78217e-06
-4.93844e-06
-3.97311e-06
-2.90995e-06
-1.77513e-06
-5.96608e-07
-6.68974e-07
-1.99045e-06
-3.26291e-06
-4.45503e-06
-5.53745e-06
-6.48353e-06
-7.26995e-06
-7.87737e-06
-8.29082e-06
-8.50012e-06
-8.50012e-06
-8.29082e-06
-7.87737e-06
-7.26995e-06
-6.48353e-06
-5.53745e-06
-4.45503e-06
-3.26291e-06
-1.99045e-06
-6.68974e-07
-7.24868e-07
-2.15675e-06
-3.53553e-06
-4.82726e-06
-6.00012e-06
-7.02524e-06
-7.87737e-06
-8.53553e-06
-8.98353e-06
-9.21032e-06
-9.21032e-06
-8.98353e-06
-8.53553e-06
-7.87737e-06
-7.02524e-06
-6.00012e-06
-4.82726e-06
-3.53553e-06
-2.15675e-06
-7.24868e-07
-7.62913e-07
-2.26995e-06
-3.7211e-06
-5.08062e-06
-6.31504e-06
-7.39396e-06
-8.29082e-06
-8.98353e-06
-9.45503e-06
-9.69372e-06
-9.69372e-06
-9.45503e-06
-8.98353e-06
-8.29082e-06
-7.39396e-06
-6.31504e-06
-5.08062e-06
-3.7211e-06
-2.26995e-06
-7.62913e-07
-7.82172e-07
-2.32726e-06
-3.81504e-06
-5.20888e-06
-6.47446e-06
-7.58062e-06
-8.50012e-06
-9.21032e-06
-9.69372e-06
-9.93844e-06
-9.93844e-06
-9.69372e-06
-9.21032e-06
-8.50012e-06
-7.58062e-06
-6.47446e-06
-5.20888e-06
-3.81504e-06
-2.32726e-06
-7.82172e-07
-7.82172e-07
-2.32726e-06
-3.81504e-06
-5.20888e-06
-6.47446e-06
-7.58062e-06
-8.50012e-06
-9.21032e-06
-9.69372e-06
-9.93844e-06
-9.93844e-06
-9.69372e-06
-9.21032e-06
-8.50012e-06
-7.58062e-06
-6.47446e-06
-5.20888e-06
-3.81504e-06
-2.32726e-06
-7.82172e-07
-7.62913e-07
-2.26995e-06
-3.7211e-06
-5.08062e-06
-6.31504e-06
-7.39396e-06
-8.29082e-06
-8.98353e-06
-9.45503e-06
-9.69372e-06
-9.69372e-06
-9.45503e-06
-8.98353e-06
-8.29082e-06
-7.39396e-06
-6.31504e-06
-5.08062e-06
-3.7211e-06
-2.26995e-06
-7.62913e-07
-7.24868e-07
-2.15675e-06
-3.53553e-06
-4.82726e-06
-6.00012e-06
-7.02524e-06
-7.87737e-06
-8.53553e-06
-8.98353e-06
-9.21032e-06
-9.21032e-06
-8.98353e-06
-8.53553e-06
-7.87737e-06
-7.02524e-06
-6.00012e-06
-4.82726e-06
-3.53553e-06
-2.15675e-06
-7.24868e-07
-6.68974e-07
-1.99045e-06
-3.26291e-06
-4.45503e-06
-5.53745e-06
-6.48353e-06
-7.26995e-06
-7.87737e-06
-8.29082e-06
-8.50012e-06
-8.50012e-06
-8.29082e-06
-7.87737e-06
-7.26995e-06
-6.48353e-06
-5.53745e-06
-4.45503e-06
-3.26291e-06
-1.99045e-06
-6.68974e-07
-5.96608e-07
-1.77513e-06
-2.90995e-06
-3.97311e-06
-4.93844e-06
-5.78217e-06
-6.48353e-06
-7.02524e-06
-7.39396e-06
-7.58062e-06
-7.58062e-06
-7.39396e-06
-7.02524e-06
-6.48353e-06
-5.78217e-06
-4.93844e-06
-3.97311e-06
-2.90995e-06
-1.77513e-06
-5.96608e-07
-5.09551e-07
-1.51611e-06
-2.48533e-06
-3.39336e-06
-4.21783e-06
-4.93844e-06
-5.53745e-06
-6.00012e-06
-6.31504e-06
-6.47446e-06
-6.47446e-06
-6.31504e-06
-6.00012e-06
-5.53745e-06
-4.93844e-06
-4.21783e-06
-3.39336e-06
-2.48533e-06
-1.51611e-06
-5.09551e-07
-4.09948e-07
-1.21975e-06
-1.99952e-06
-2.73005e-06
-3.39336e-06
-3.97311e-06
-4.45503e-06
-4.82726e-06
-5.08062e-06
-5.20888e-06
-5.20888e-06
-5.08062e-06
-4.82726e-06
-4.45503e-06
-3.97311e-06
-3.39336e-06
-2.73005e-06
-1.99952e-06
-1.21975e-06
-4.09948e-07
-3.0025e-07
-8.93357e-07
-1.46447e-06
-1.99952e-06
-2.48533e-06
-2.90995e-06
-3.26291e-06
-3.53553e-06
-3.7211e-06
-3.81504e-06
-3.81504e-06
-3.7211e-06
-3.53553e-06
-3.26291e-06
-2.90995e-06
-2.48533e-06
-1.99952e-06
-1.46447e-06
-8.93357e-07
-3.0025e-07
-1.83159e-07
-5.44967e-07
-8.93357e-07
-1.21975e-06
-1.51611e-06
-1.77513e-06
-1.99045e-06
-2.15675e-06
-2.26995e-06
-2.32726e-06
-2.32726e-06
-2.26995e-06
-2.15675e-06
-1.99045e-06
-1.77513e-06
-1.51611e-06
-1.21975e-06
-8.93357e-07
-5.44967e-07
-1.83159e-07
-6.15583e-08
-1.83159e-07
-3.0025e-07
-4.09948e-07
-5.09551e-07
-5.96608e-07
-6.68974e-07
-7.24868e-07
-7.62913e-07
-7.82172e-07
-7.82172e-07
-7.62913e-07
-7.24868e-07
-6.68974e-07
-5.96608e-07
-5.09551e-07
-4.09948e-07
-3.0025e-07
-1.83159e-07
-6.15583e-08
)
;

boundaryField
{
    leftWall
    {
        type            fixedValue;
        value           uniform 0;
    }
    rightWall
    {
        type            fixedValue;
        value           uniform 0;
    }
    topWall
    {
        type            fixedValue;
        value           uniform 0;
    }
    bottomWall
    {
        type            fixedValue;
        value           uniform 0;
    }
    backAndFront
    {
        type            empty;
    }
}


// ************************************************************************* //
